0.000 0.822 2.839
0.033 0.826 2.830
0.067 0.827 2.830
0.100 0.828 2.830
0.133 0.829 2.829
0.167 0.834 2.829
0.200 0.837 2.829
0.233 0.844 2.829
0.267 0.852 2.827
0.300 0.866 2.813
0.333 0.892 2.787
0.367 0.935 2.759
0.400 0.962 2.720
0.433 0.991 2.705
0.467 1.012 2.635
0.500 1.036 2.592
0.533 1.057 2.543
0.567 1.085 2.469
0.600 1.113 2.409
0.633 1.144 2.355
0.667 1.170 2.298
0.700 1.198 2.247
0.733 1.224 2.200
0.767 1.257 2.150
0.800 1.286 2.109
0.833 1.315 2.065
0.867 1.338 2.025
0.900 1.358 1.987
0.933 1.372 1.945
0.967 1.398 1.910
1.000 1.411 1.868
1.033 1.430 1.829
1.067 1.448 1.789
1.100 1.463 1.746
1.133 1.487 1.703
1.167 1.503 1.664
1.200 1.523 1.628
1.233 1.543 1.594
1.267 1.560 1.561
1.300 1.584 1.525
1.333 1.599 1.497
1.367 1.614 1.467
1.400 1.626 1.440
1.433 1.634 1.413
1.467 1.640 1.383
1.500 1.652 1.355
1.533 1.656 1.322
1.567 1.664 1.291
1.600 1.672 1.261
1.633 1.679 1.229
1.667 1.693 1.197
1.700 1.703 1.166
1.733 1.715 1.137
1.767 1.727 1.111
1.800 1.734 1.086
1.833 1.745 1.056
1.867 1.751 1.037
1.900 1.756 1.014
1.933 1.759 0.993
1.967 1.758 0.974
2.000 1.756 0.949
2.033 1.758 0.923
2.067 1.757 0.923
2.100 1.755 0.900
2.133 1.756 0.875
2.167 1.757 0.850
2.200 1.747 0.812
2.233 1.748 0.784
2.267 1.749 0.763
2.300 1.753 0.738
2.333 1.755 0.717
2.367 1.755 0.699
2.400 1.753 0.674
2.433 1.755 0.655
2.467 1.750 0.635
2.500 1.747 0.615
2.533 1.743 0.596
2.567 1.734 0.578
2.600 1.729 0.553
2.633 1.720 0.535
2.667 1.713 0.512
2.700 1.707 0.491
2.733 1.699 0.472
2.767 1.691 0.450
2.800 1.688 0.428
2.833 1.681 0.408
2.867 1.678 0.388
2.900 1.672 0.370
2.933 1.662 0.355
2.967 1.654 0.332
3.000 1.645 0.316
3.033 1.634 0.297
3.067 1.624 0.282
3.100 1.613 0.265
3.133 1.597 0.248
3.167 1.587 0.228
3.200 1.575 0.210
3.233 1.563 0.191
3.267 1.550 0.173
3.300 1.538 0.155
3.333 1.526 0.135
3.367 1.516 0.116
3.400 1.502 9.725E-2
3.433 1.493 7.910E-2
3.467 1.481 6.554E-2
3.500 1.465 5.014E-2
3.533 1.453 3.053E-2
3.567 1.438 1.472E-2
3.600 1.423 -2.881E-3
3.633 1.408 -1.789E-2
3.667 1.390 -3.478E-2
3.700 1.371 -5.216E-2
3.733 1.355 -7.239E-2
3.767 1.338 -9.022E-2
3.800 1.323 -0.109
3.833 1.305 -0.128
3.867 1.288 -0.144
3.900 1.269 -0.166
3.933 1.254 -0.183
3.967 1.237 -0.203
4.000 1.220 -0.222
4.033 1.203 -0.239
4.067 1.183 -0.253
4.100 1.163 -0.272
4.133 1.145 -0.289
4.167 1.125 -0.308
4.200 1.106 -0.326
4.233 1.087 -0.341
4.267 1.064 -0.357
4.300 1.041 -0.376
4.333 1.021 -0.394
4.367 1.002 -0.413
4.400 0.983 -0.432
4.433 0.963 -0.449
4.467 0.940 -0.469
4.500 0.920 -0.488
4.533 0.900 -0.506
4.567 0.879 -0.525
4.600 0.860 -0.543
4.633 0.836 -0.559
4.667 0.812 -0.577
4.700 0.789 -0.599
4.733 0.766 -0.616
4.767 0.741 -0.637
4.800 0.719 -0.654
4.833 0.695 -0.670
4.867 0.667 -0.691
4.900 0.644 -0.711
4.933 0.618 -0.731
4.967 0.596 -0.750
5.000 0.572 -0.770
5.033 0.548 -0.786
5.067 0.522 -0.807
5.100 0.497 -0.826
5.133 0.473 -0.845
5.167 0.447 -0.864
5.200 0.422 -0.882
5.233 0.393 -0.899
5.267 0.364 -0.920
5.300 0.338 -0.938
5.333 0.309 -0.957
5.367 0.282 -0.977
5.400 0.256 -0.994
5.433 0.229 -1.013
5.467 0.200 -1.033
5.500 0.173 -1.052
5.533 0.145 -1.072
5.567 0.117 -1.092
5.600 9.035E-2 -1.111
5.633 6.158E-2 -1.129
5.667 3.162E-2 -1.149
5.700 5.173E-3 -1.169
5.733 -2.511E-2 -1.188
5.767 -5.434E-2 -1.208
5.800 -8.151E-2 -1.229
5.833 -0.111 -1.247
5.867 -0.146 -1.269
5.900 -0.174 -1.288
5.933 -0.205 -1.307
5.967 -0.236 -1.329
6.000 -0.267 -1.350
6.033 -0.297 -1.370
6.067 -0.333 -1.392
6.100 -0.362 -1.412
6.133 -0.397 -1.436
6.167 -0.428 -1.457
6.200 -0.457 -1.477
6.233 -0.486 -1.496
6.267 -0.523 -1.518
6.300 -0.548 -1.539
6.333 -0.569 -1.560
6.367 -0.597 -1.579
6.400 -0.646 -1.585
6.433 -0.685 -1.604
6.467 -0.722 -1.635
6.500 -0.747 -1.650
6.533 -0.790 -1.678
