0.000 8.120E-2 2.127
0.034 0.192 2.084
0.068 0.290 1.869
0.102 0.431 1.612
0.136 0.603 1.452
0.170 0.701 1.305
0.204 0.811 1.103
0.238 0.983 1.005
0.272 1.056 0.913
0.306 1.130 0.796
0.340 1.234 0.716
0.374 1.326 0.692
0.408 1.351 0.637
0.442 1.394 0.588
0.476 1.430 0.557
0.510 1.449 0.532
0.544 1.443 0.514
0.578 1.437 0.477
0.612 1.437 0.471
0.646 1.412 0.453
0.680 1.412 0.440
0.714 1.406 0.440
0.748 1.375 0.416
0.782 1.381 0.404
0.816 1.345 0.404
0.850 1.332 0.385
0.884 1.309 0.376
0.918 1.293 0.367
0.952 1.264 0.351
0.986 1.244 0.343
1.020 1.223 0.336
1.054 1.204 0.329
1.088 1.187 0.320
1.122 1.168 0.312
1.156 1.148 0.300
1.190 1.130 0.293
1.224 1.113 0.282
1.258 1.093 0.275
1.292 1.071 0.264
1.326 1.051 0.257
1.360 1.032 0.246
1.394 1.010 0.238
1.428 0.986 0.225
1.462 0.966 0.216
1.496 0.946 0.204
1.530 0.922 0.194
1.564 0.902 0.179
1.598 0.882 0.166
1.632 0.865 0.153
1.666 0.844 0.141
1.700 0.824 0.126
1.734 0.805 0.114
1.768 0.787 0.101
1.802 0.768 8.903E-2
1.836 0.750 7.267E-2
1.870 0.731 5.893E-2
1.904 0.714 4.487E-2
1.938 0.694 2.983E-2
1.972 0.676 1.215E-2
2.006 0.658 -2.667E-3
2.040 0.642 -1.920E-2
2.074 0.622 -3.476E-2
2.108 0.604 -5.245E-2
2.142 0.589 -7.011E-2
2.176 0.573 -8.666E-2
2.210 0.555 -0.104
2.244 0.539 -0.124
2.278 0.523 -0.142
2.312 0.509 -0.160
2.346 0.492 -0.177
2.380 0.475 -0.197
2.414 0.460 -0.216
2.448 0.444 -0.234
2.482 0.427 -0.252
2.516 0.411 -0.272
2.550 0.395 -0.290
2.584 0.381 -0.308
2.618 0.364 -0.326
2.652 0.348 -0.346
2.686 0.333 -0.364
2.720 0.319 -0.382
2.754 0.302 -0.399
2.788 0.286 -0.418
2.822 0.271 -0.437
2.856 0.256 -0.455
2.890 0.240 -0.473
2.924 0.223 -0.492
2.958 0.208 -0.510
2.992 0.193 -0.529
3.025 0.176 -0.546
3.059 0.158 -0.566
3.093 0.143 -0.585
3.127 0.128 -0.603
3.161 0.112 -0.620
3.195 9.383E-2 -0.639
3.229 7.925E-2 -0.658
3.263 6.327E-2 -0.676
3.297 4.814E-2 -0.694
3.331 3.121E-2 -0.712
3.365 1.387E-2 -0.732
3.399 -2.190E-3 -0.750
3.433 -1.773E-2 -0.767
3.467 -3.592E-2 -0.786
3.501 -5.344E-2 -0.805
3.535 -6.859E-2 -0.823
3.569 -8.386E-2 -0.841
3.603 -0.102 -0.859
3.637 -0.119 -0.879
3.671 -0.134 -0.898
3.705 -0.150 -0.916
3.739 -0.166 -0.933
3.773 -0.183 -0.953
3.807 -0.199 -0.973
3.841 -0.213 -0.993
3.875 -0.230 -1.011
3.909 -0.248 -1.031
3.943 -0.263 -1.050
3.977 -0.277 -1.069
4.011 -0.293 -1.087
4.045 -0.311 -1.106
4.079 -0.326 -1.127
4.113 -0.341 -1.148
4.147 -0.355 -1.166
4.181 -0.372 -1.186
4.215 -0.387 -1.208
4.249 -0.402 -1.228
4.283 -0.416 -1.248
4.317 -0.433 -1.266
4.351 -0.450 -1.288
4.385 -0.465 -1.309
4.419 -0.480 -1.330
4.453 -0.495 -1.350
4.487 -0.510 -1.371
4.521 -0.526 -1.393
4.555 -0.539 -1.413
4.589 -0.555 -1.433
4.623 -0.571 -1.453
4.657 -0.587 -1.474
4.691 -0.602 -1.496
4.725 -0.616 -1.516
4.759 -0.632 -1.535
4.793 -0.648 -1.558
4.827 -0.662 -1.578
4.861 -0.678 -1.599
4.895 -0.693 -1.619
4.929 -0.710 -1.638
4.963 -0.725 -1.660
4.997 -0.740 -1.682
5.031 -0.753 -1.700
5.065 -0.771 -1.719
5.099 -0.788 -1.742
5.133 -0.802 -1.762
5.167 -0.816 -1.781
5.201 -0.833 -1.800
5.235 -0.851 -1.822
5.269 -0.864 -1.843
5.303 -0.880 -1.865
5.337 -0.894 -1.884
5.371 -0.911 -1.904
5.405 -0.926 -1.927
5.439 -0.942 -1.949
5.473 -0.955 -1.969
5.507 -0.972 -1.988
5.541 -0.987 -2.011
5.575 -1.003 -2.032
5.609 -1.017 -2.054
5.643 -1.032 -2.073
5.677 -1.047 -2.094
5.711 -1.064 -2.117
5.745 -1.078 -2.139
5.779 -1.092 -2.158
5.813 -1.108 -2.178
5.847 -1.123 -2.202
5.881 -1.151 -2.246
5.915 -1.165 -2.264
5.949 -1.196 -2.308
5.983 -1.239 -2.370
6.017 -1.282 -2.436
6.051 -1.313 -2.478
6.085 -1.358 -2.544
6.119 -1.414 -2.636
6.153 -1.475 -2.725
