0.000 7.630E-2 2.643
0.033 7.471E-2 2.638
0.067 7.496E-2 2.636
0.100 7.810E-2 2.637
0.133 0.125 2.610
0.167 0.242 2.446
0.200 0.388 2.200
0.233 0.536 2.033
0.267 0.665 1.903
0.300 0.786 1.768
0.333 0.911 1.670
0.367 1.011 1.595
0.400 1.109 1.526
0.433 1.202 1.477
0.467 1.271 1.447
0.500 1.320 1.421
0.533 1.361 1.406
0.567 1.379 1.395
0.600 1.386 1.385
0.633 1.389 1.378
0.667 1.388 1.368
0.700 1.379 1.363
0.733 1.370 1.357
0.767 1.357 1.347
0.800 1.342 1.341
0.833 1.324 1.333
0.867 1.304 1.326
0.900 1.294 1.321
0.933 1.268 1.314
0.967 1.253 1.310
1.000 1.225 1.299
1.033 1.207 1.291
1.067 1.192 1.286
1.100 1.178 1.280
1.133 1.161 1.274
1.167 1.145 1.264
1.200 1.129 1.257
1.233 1.111 1.247
1.267 1.094 1.244
1.300 1.076 1.234
1.333 1.060 1.225
1.367 1.039 1.217
1.400 1.020 1.206
1.433 1.002 1.196
1.467 0.983 1.187
1.500 0.963 1.178
1.533 0.946 1.167
1.567 0.926 1.155
1.600 0.907 1.143
1.633 0.888 1.131
1.667 0.871 1.118
1.700 0.852 1.105
1.733 0.833 1.094
1.767 0.814 1.080
1.800 0.797 1.065
1.833 0.780 1.054
1.867 0.759 1.040
1.900 0.744 1.027
1.933 0.729 1.011
1.967 0.711 1.000
2.000 0.692 0.983
2.033 0.676 0.970
2.067 0.659 0.954
2.100 0.641 0.943
2.133 0.625 0.926
2.167 0.609 0.908
2.200 0.594 0.896
2.233 0.575 0.880
2.267 0.559 0.863
2.300 0.544 0.847
2.333 0.527 0.833
2.367 0.509 0.816
2.400 0.495 0.800
2.433 0.481 0.785
2.467 0.466 0.770
2.500 0.449 0.754
2.533 0.436 0.738
2.567 0.422 0.720
2.600 0.408 0.707
2.633 0.394 0.691
2.667 0.380 0.673
2.700 0.368 0.657
2.733 0.353 0.643
2.767 0.339 0.625
2.800 0.327 0.608
2.833 0.313 0.593
2.867 0.298 0.578
2.900 0.285 0.560
2.933 0.272 0.543
2.967 0.260 0.529
3.000 0.245 0.513
3.033 0.233 0.496
3.067 0.222 0.478
3.100 0.208 0.465
3.133 0.196 0.448
3.167 0.182 0.431
3.200 0.170 0.414
3.233 0.157 0.400
3.267 0.143 0.383
3.300 0.131 0.365
3.333 0.121 0.351
3.367 0.105 0.336
3.400 9.345E-2 0.319
3.433 8.317E-2 0.301
3.467 7.218E-2 0.288
3.500 5.716E-2 0.272
3.533 4.631E-2 0.254
3.567 3.582E-2 0.240
3.600 2.494E-2 0.224
3.633 1.012E-2 0.207
3.667 -1.965E-4 0.192
3.700 -1.034E-2 0.177
3.733 -2.247E-2 0.163
3.767 -3.573E-2 0.147
3.800 -4.641E-2 0.131
3.833 -5.669E-2 0.114
3.867 -6.737E-2 0.101
3.900 -8.216E-2 8.391E-2
3.933 -9.334E-2 6.653E-2
3.967 -0.103 5.404E-2
4.000 -0.114 3.811E-2
4.033 -0.129 2.040E-2
4.067 -0.139 5.844E-3
4.100 -0.149 -9.444E-3
4.133 -0.161 -2.400E-2
4.167 -0.174 -4.009E-2
4.200 -0.186 -5.620E-2
4.233 -0.196 -7.107E-2
4.267 -0.207 -8.508E-2
4.300 -0.221 -0.102
4.333 -0.233 -0.119
4.367 -0.242 -0.132
4.400 -0.253 -0.149
4.433 -0.265 -0.162
4.467 -0.277 -0.178
4.500 -0.288 -0.195
4.533 -0.299 -0.207
4.567 -0.310 -0.224
4.600 -0.322 -0.240
4.633 -0.333 -0.254
4.667 -0.345 -0.270
4.700 -0.356 -0.284
4.733 -0.366 -0.300
4.767 -0.376 -0.314
4.800 -0.389 -0.329
4.833 -0.402 -0.346
4.867 -0.412 -0.361
4.900 -0.421 -0.375
4.933 -0.433 -0.391
4.967 -0.446 -0.405
5.000 -0.458 -0.421
5.033 -0.458 -0.421
5.067 -0.468 -0.437
5.100 -0.478 -0.450
5.133 -0.492 -0.467
5.167 -0.504 -0.484
5.200 -0.514 -0.497
5.233 -0.525 -0.513
5.267 -0.536 -0.526
5.300 -0.549 -0.542
5.333 -0.559 -0.557
5.367 -0.571 -0.571
5.400 -0.583 -0.587
5.433 -0.595 -0.602
5.467 -0.607 -0.617
5.500 -0.618 -0.629
5.533 -0.631 -0.645
5.567 -0.645 -0.661
5.600 -0.655 -0.675
5.633 -0.666 -0.690
5.667 -0.681 -0.703
5.700 -0.692 -0.720
5.733 -0.703 -0.735
5.767 -0.714 -0.749
5.800 -0.728 -0.765
5.833 -0.739 -0.778
5.867 -0.751 -0.794
5.900 -0.763 -0.807
5.933 -0.776 -0.822
5.967 -0.789 -0.836
6.000 -0.803 -0.851
6.033 -0.813 -0.866
6.067 -0.824 -0.879
6.100 -0.840 -0.897
6.133 -0.851 -0.910
6.167 -0.861 -0.926
6.200 -0.874 -0.938
6.233 -0.888 -0.954
6.267 -0.900 -0.971
6.300 -0.911 -0.985
6.333 -0.924 -1.000
6.367 -0.936 -1.013
6.400 -0.949 -1.029
6.433 -0.962 -1.046
6.467 -0.973 -1.058
6.500 -0.987 -1.075
6.533 -1.001 -1.092
6.567 -1.013 -1.108
6.600 -1.024 -1.122
6.633 -1.038 -1.135
6.667 -1.053 -1.152
6.700 -1.065 -1.169
6.733 -1.076 -1.185
6.767 -1.087 -1.199
6.800 -1.102 -1.216
6.833 -1.114 -1.233
6.867 -1.126 -1.251
6.900 -1.137 -1.264
6.933 -1.151 -1.281
6.967 -1.166 -1.299
7.000 -1.178 -1.318
7.033 -1.188 -1.331
7.067 -1.201 -1.347
7.100 -1.215 -1.365
7.133 -1.226 -1.383
7.167 -1.238 -1.401
7.200 -1.249 -1.414
7.233 -1.263 -1.431
7.267 -1.278 -1.450
7.300 -1.287 -1.468
7.333 -1.293 -1.485
7.367 -1.316 -1.490
7.400 -1.331 -1.515
7.433 -1.341 -1.533
7.467 -1.350 -1.550
7.500 -1.378 -1.580
7.533 -1.389 -1.598
7.567 -1.414 -1.629
7.600 -1.434 -1.650
7.633 -1.471 -1.703
