0.000 0.880 0.744
0.033 0.881 0.744
0.067 0.887 0.747
0.100 0.906 0.744
0.133 0.974 0.725
0.167 1.018 0.717
0.200 1.109 0.697
0.233 1.154 0.687
0.267 1.239 0.675
0.300 1.278 0.671
0.333 1.318 0.667
0.367 1.359 0.665
0.400 1.400 0.666
0.433 1.437 0.666
0.467 1.474 0.666
0.500 1.511 0.668
0.533 1.547 0.671
0.567 1.578 0.675
0.600 1.607 0.677
0.633 1.640 0.680
0.667 1.669 0.684
0.700 1.698 0.689
0.733 1.722 0.693
0.767 1.751 0.702
0.800 1.777 0.709
0.833 1.804 0.717
0.867 1.826 0.725
0.900 1.847 0.731
0.933 1.878 0.741
0.967 1.899 0.749
1.000 1.915 0.759
1.033 1.930 0.768
1.067 1.945 0.778
1.100 1.958 0.787
1.133 1.972 0.796
1.167 1.981 0.805
1.200 1.989 0.811
1.233 1.999 0.824
1.267 2.008 0.834
1.300 2.022 0.844
1.333 2.022 0.854
1.367 2.023 0.874
1.433 2.024 0.897
1.467 2.022 0.906
1.700 2.005 0.968
1.733 1.999 0.977
1.767 1.989 0.985
1.800 1.980 0.991
1.833 1.971 1.000
1.867 1.964 1.008
1.900 1.954 1.017
1.933 1.944 1.020
1.967 1.934 1.028
2.000 1.925 1.033
2.033 1.911 1.042
2.067 1.900 1.045
2.100 1.883 1.052
2.133 1.871 1.054
2.167 1.857 1.061
2.200 1.842 1.066
2.233 1.822 1.068
2.267 1.805 1.071
2.300 1.791 1.074
2.333 1.772 1.078
2.367 1.754 1.080
2.400 1.735 1.079
2.433 1.718 1.080
2.467 1.701 1.080
2.500 1.683 1.081
2.533 1.661 1.081
2.567 1.640 1.080
2.600 1.622 1.079
2.633 1.603 1.079
2.667 1.582 1.078
2.700 1.560 1.075
2.733 1.541 1.070
2.767 1.521 1.067
2.800 1.499 1.064
2.833 1.477 1.061
2.867 1.456 1.054
2.900 1.434 1.047
2.933 1.414 1.043
2.967 1.392 1.036
3.000 1.369 1.028
3.033 1.347 1.020
3.067 1.327 1.011
3.100 1.305 1.004
3.133 1.283 0.996
3.167 1.259 0.984
3.200 1.239 0.975
3.233 1.217 0.966
3.267 1.195 0.958
3.300 1.172 0.948
3.333 1.148 0.934
3.367 1.127 0.923
3.400 1.105 0.913
3.433 1.080 0.901
3.467 1.057 0.888
3.500 1.034 0.873
3.533 1.013 0.861
3.567 0.990 0.847
3.600 0.965 0.836
3.633 0.941 0.820
3.667 0.918 0.806
3.700 0.895 0.793
3.733 0.871 0.778
3.767 0.848 0.765
3.800 0.824 0.749
3.833 0.800 0.733
3.867 0.775 0.717
3.900 0.754 0.705
3.933 0.729 0.689
3.967 0.704 0.671
4.000 0.679 0.654
4.033 0.656 0.637
4.067 0.630 0.622
4.100 0.607 0.604
4.133 0.582 0.586
4.167 0.557 0.568
4.200 0.533 0.551
4.233 0.506 0.534
4.267 0.480 0.516
4.300 0.454 0.498
4.333 0.429 0.480
4.367 0.402 0.463
4.400 0.375 0.446
4.433 0.349 0.427
4.467 0.322 0.407
4.500 0.296 0.386
4.533 0.270 0.369
4.567 0.244 0.350
4.600 0.217 0.329
4.633 0.192 0.307
4.667 0.166 0.288
4.700 0.140 0.266
4.733 0.114 0.247
4.767 8.809E-2 0.223
4.800 6.297E-2 0.203
4.833 3.899E-2 0.179
4.867 1.329E-2 0.160
4.900 -1.374E-2 0.138
4.933 -3.984E-2 0.116
4.967 -6.445E-2 9.260E-2
5.000 -8.813E-2 7.217E-2
5.033 -0.113 4.977E-2
5.067 -0.139 2.876E-2
5.100 -0.164 4.367E-3
5.133 -0.190 -2.001E-2
5.167 -0.215 -4.076E-2
5.200 -0.241 -6.412E-2
5.233 -0.267 -8.875E-2
5.267 -0.293 -0.113
5.300 -0.319 -0.138
5.333 -0.343 -0.160
5.367 -0.368 -0.183
5.400 -0.396 -0.208
5.433 -0.423 -0.231
5.467 -0.446 -0.256
5.500 -0.468 -0.281
5.533 -0.493 -0.301
5.567 -0.519 -0.326
5.600 -0.545 -0.351
5.633 -0.568 -0.377
5.667 -0.579 -0.404
