0.000 0.120 2.343
0.033 0.223 2.130
0.067 0.297 1.967
0.100 0.334 1.860
0.133 0.412 1.717
0.167 0.463 1.634
0.200 0.512 1.558
0.233 0.559 1.489
0.267 0.604 1.416
0.300 0.651 1.350
0.333 0.676 1.319
0.367 0.724 1.268
0.400 0.745 1.241
0.433 0.788 1.199
0.467 0.805 1.177
0.500 0.826 1.156
0.533 0.845 1.134
0.567 0.861 1.114
0.600 0.881 1.094
0.633 0.901 1.077
0.667 0.920 1.061
0.700 0.938 1.044
0.733 0.956 1.031
0.767 0.973 1.020
0.800 0.985 1.010
0.833 1.002 0.997
0.867 1.014 0.987
0.900 1.023 0.977
0.933 1.032 0.967
0.967 1.043 0.957
1.000 1.052 0.949
1.033 1.060 0.939
1.067 1.070 0.931
1.100 1.080 0.923
1.133 1.087 0.918
1.167 1.092 0.910
1.200 1.097 0.903
1.233 1.103 0.897
1.267 1.104 0.891
1.300 1.106 0.885
1.333 1.108 0.878
1.367 1.107 0.872
1.400 1.106 0.864
1.433 1.107 0.858
1.467 1.106 0.854
1.500 1.105 0.846
1.533 1.105 0.842
1.567 1.105 0.837
1.600 1.099 0.834
1.633 1.096 0.827
1.667 1.092 0.822
1.700 1.087 0.818
1.733 1.078 0.810
1.767 1.070 0.806
1.800 1.067 0.800
1.833 1.058 0.797
1.867 1.049 0.790
1.900 1.041 0.783
1.933 1.033 0.777
1.967 1.022 0.772
2.000 1.013 0.768
2.033 1.004 0.762
2.067 0.992 0.758
2.100 0.977 0.750
2.133 0.966 0.743
2.167 0.954 0.736
2.200 0.938 0.729
2.233 0.922 0.720
2.267 0.910 0.711
2.300 0.895 0.702
2.333 0.876 0.694
2.367 0.862 0.687
2.400 0.847 0.678
2.433 0.829 0.669
2.467 0.810 0.659
2.500 0.795 0.650
2.533 0.780 0.641
2.567 0.761 0.631
2.600 0.743 0.621
2.633 0.725 0.608
2.667 0.706 0.597
2.700 0.687 0.585
2.733 0.670 0.574
2.767 0.651 0.561
2.800 0.632 0.549
2.833 0.614 0.537
2.867 0.596 0.522
2.900 0.578 0.510
2.933 0.560 0.498
2.967 0.540 0.484
3.000 0.526 0.473
3.033 0.510 0.460
3.067 0.490 0.447
3.100 0.473 0.431
3.133 0.456 0.417
3.167 0.437 0.403
3.200 0.421 0.388
3.233 0.404 0.371
3.267 0.389 0.360
3.300 0.371 0.344
3.333 0.353 0.327
3.367 0.342 0.314
3.400 0.325 0.298
3.433 0.306 0.281
3.467 0.294 0.268
3.500 0.279 0.250
3.533 0.262 0.233
3.567 0.249 0.220
3.600 0.249 0.221
3.633 0.234 0.203
3.667 0.222 0.187
3.700 0.205 0.171
3.733 0.194 0.155
3.767 0.182 0.138
3.800 0.168 0.121
3.833 0.156 0.108
3.867 0.143 8.964E-2
3.900 0.130 7.355E-2
3.933 0.118 5.813E-2
3.967 0.104 4.153E-2
4.000 9.253E-2 2.660E-2
4.033 8.194E-2 9.189E-3
4.067 7.190E-2 -3.901E-3
4.100 5.647E-2 -1.981E-2
4.133 4.556E-2 -3.723E-2
4.167 3.532E-2 -5.400E-2
4.200 2.543E-2 -6.622E-2
4.233 9.841E-3 -8.419E-2
4.267 -1.058E-4 -0.102
4.300 -8.934E-3 -0.116
4.333 -2.048E-2 -0.130
4.367 -3.234E-2 -0.146
4.400 -4.001E-2 -0.161
4.433 -4.993E-2 -0.176
4.467 -5.942E-2 -0.188
4.500 -7.187E-2 -0.205
4.533 -8.340E-2 -0.222
4.567 -9.200E-2 -0.235
4.600 -0.103 -0.250
4.633 -0.112 -0.265
4.667 -0.122 -0.280
4.700 -0.132 -0.294
4.733 -0.141 -0.307
4.767 -0.151 -0.324
4.800 -0.160 -0.338
4.833 -0.169 -0.352
4.867 -0.178 -0.364
4.900 -0.188 -0.380
4.933 -0.197 -0.393
4.967 -0.206 -0.407
5.000 -0.216 -0.419
5.033 -0.225 -0.435
5.067 -0.234 -0.448
5.100 -0.243 -0.459
5.133 -0.253 -0.473
5.167 -0.262 -0.486
5.200 -0.271 -0.501
5.233 -0.280 -0.512
5.267 -0.290 -0.523
5.300 -0.299 -0.539
5.333 -0.308 -0.551
5.367 -0.317 -0.561
5.400 -0.328 -0.575
5.433 -0.337 -0.588
5.467 -0.346 -0.603
5.500 -0.354 -0.614
5.533 -0.365 -0.625
5.567 -0.374 -0.640
5.600 -0.383 -0.652
5.633 -0.392 -0.662
5.667 -0.402 -0.674
5.700 -0.414 -0.687
5.733 -0.422 -0.699
5.767 -0.430 -0.711
5.800 -0.442 -0.722
5.833 -0.450 -0.736
5.867 -0.461 -0.750
5.900 -0.468 -0.762
5.933 -0.481 -0.772
5.967 -0.493 -0.786
6.000 -0.503 -0.800
6.033 -0.512 -0.810
6.067 -0.522 -0.820
6.100 -0.532 -0.835
6.133 -0.542 -0.847
6.167 -0.551 -0.858
6.200 -0.561 -0.868
6.233 -0.571 -0.883
6.267 -0.584 -0.894
6.300 -0.593 -0.906
6.333 -0.604 -0.915
6.367 -0.615 -0.929
6.400 -0.625 -0.941
6.433 -0.634 -0.952
6.467 -0.643 -0.961
6.500 -0.653 -0.976
6.533 -0.665 -0.987
6.567 -0.673 -0.999
6.600 -0.682 -1.009
6.633 -0.692 -1.021
6.667 -0.705 -1.033
6.700 -0.715 -1.046
6.733 -0.725 -1.055
6.767 -0.735 -1.066
6.800 -0.745 -1.079
6.833 -0.756 -1.091
6.867 -0.765 -1.101
6.900 -0.775 -1.112
6.933 -0.789 -1.126
6.967 -0.800 -1.137
7.000 -0.809 -1.147
7.033 -0.820 -1.156
7.067 -0.829 -1.171
7.100 -0.842 -1.182
7.133 -0.850 -1.193
7.167 -0.860 -1.202
7.200 -0.869 -1.217
7.233 -0.882 -1.228
7.267 -0.892 -1.238
7.300 -0.902 -1.248
7.333 -0.913 -1.259
7.367 -0.923 -1.274
7.400 -0.932 -1.284
7.433 -0.941 -1.294
7.467 -0.953 -1.305
7.500 -0.964 -1.319
7.533 -0.977 -1.331
7.567 -0.986 -1.341
7.600 -0.996 -1.351
7.633 -1.006 -1.367
7.667 -1.019 -1.378
7.700 -1.026 -1.389
7.733 -1.035 -1.398
7.767 -1.046 -1.413
7.800 -1.060 -1.424
7.833 -1.069 -1.435
7.867 -1.079 -1.445
7.900 -1.089 -1.458
7.933 -1.102 -1.470
7.967 -1.114 -1.482
8.000 -1.122 -1.494
8.033 -1.134 -1.506
8.067 -1.146 -1.517
8.100 -1.157 -1.533
8.133 -1.170 -1.544
8.167 -1.180 -1.554
8.200 -1.191 -1.567
8.233 -1.200 -1.581
8.267 -1.206 -1.594
8.300 -1.209 -1.609
