0.000 0.829 2.159
0.033 0.960 1.923
0.067 1.142 1.819
0.100 1.313 1.696
0.133 1.456 1.614
0.167 1.563 1.573
0.200 1.671 1.529
0.233 1.737 1.520
0.267 1.793 1.514
0.300 1.855 1.509
0.333 1.902 1.517
0.367 1.932 1.521
0.400 1.944 1.522
0.433 1.968 1.529
0.467 1.979 1.536
0.500 1.989 1.546
0.533 1.991 1.549
0.567 1.994 1.551
0.600 1.998 1.556
0.633 2.003 1.561
0.667 2.006 1.565
0.700 2.009 1.570
0.733 2.009 1.574
0.767 2.007 1.575
0.800 2.007 1.577
0.833 2.006 1.578
0.867 2.006 1.583
0.900 2.006 1.585
0.933 2.005 1.588
0.967 2.000 1.590
1.000 1.997 1.592
1.033 1.993 1.594
1.067 1.987 1.595
1.100 1.984 1.599
1.133 1.980 1.601
1.167 1.974 1.603
1.200 1.969 1.605
1.233 1.961 1.606
1.267 1.949 1.605
1.300 1.941 1.606
1.333 1.932 1.607
1.367 1.921 1.607
1.400 1.913 1.610
1.433 1.903 1.612
1.467 1.890 1.612
1.500 1.877 1.612
1.533 1.866 1.613
1.567 1.849 1.612
1.600 1.839 1.613
1.633 1.828 1.613
1.667 1.812 1.613
1.700 1.800 1.612
1.733 1.786 1.611
1.767 1.771 1.608
1.800 1.756 1.605
1.833 1.742 1.604
1.867 1.727 1.603
1.900 1.711 1.601
1.933 1.699 1.598
1.967 1.683 1.594
2.000 1.665 1.591
2.033 1.652 1.586
2.067 1.635 1.584
2.100 1.620 1.578
2.133 1.605 1.575
2.167 1.592 1.569
2.200 1.572 1.565
2.233 1.559 1.557
2.267 1.544 1.552
2.300 1.525 1.545
2.333 1.512 1.539
2.367 1.498 1.532
2.400 1.483 1.524
2.433 1.467 1.517
2.467 1.453 1.510
2.500 1.439 1.503
2.533 1.422 1.494
2.567 1.409 1.486
2.600 1.395 1.478
2.633 1.377 1.469
2.667 1.363 1.463
2.700 1.349 1.455
2.733 1.334 1.446
2.767 1.319 1.437
2.800 1.307 1.429
2.833 1.291 1.420
2.867 1.277 1.410
2.900 1.264 1.401
2.933 1.250 1.392
2.967 1.235 1.382
3.000 1.224 1.373
3.033 1.208 1.365
3.067 1.194 1.354
3.100 1.181 1.345
3.133 1.168 1.336
3.167 1.154 1.327
3.200 1.139 1.317
3.233 1.127 1.308
3.267 1.112 1.298
3.300 1.096 1.289
3.333 1.085 1.279
3.367 1.070 1.270
3.400 1.056 1.260
3.433 1.042 1.251
3.467 1.030 1.242
3.500 1.014 1.233
3.533 1.001 1.223
3.567 0.989 1.213
3.600 0.975 1.204
3.633 0.963 1.194
3.667 0.948 1.185
3.700 0.936 1.176
3.733 0.924 1.166
3.767 0.910 1.157
3.800 0.899 1.148
3.833 0.888 1.138
3.867 0.873 1.129
3.900 0.862 1.119
3.933 0.851 1.111
3.967 0.837 1.101
4.000 0.825 1.092
4.033 0.815 1.083
4.067 0.800 1.073
4.100 0.788 1.064
4.133 0.777 1.054
4.167 0.766 1.045
4.200 0.752 1.035
4.233 0.741 1.026
4.267 0.730 1.016
4.300 0.718 1.007
4.333 0.704 0.998
4.367 0.693 0.987
4.400 0.682 0.978
4.433 0.670 0.969
4.467 0.658 0.960
4.500 0.648 0.949
4.533 0.637 0.941
4.567 0.625 0.931
4.600 0.613 0.920
4.633 0.602 0.908
4.667 0.592 0.898
4.700 0.581 0.888
4.733 0.569 0.877
4.767 0.557 0.869
4.800 0.546 0.859
4.833 0.535 0.849
4.867 0.526 0.840
4.900 0.515 0.831
4.933 0.501 0.821
4.967 0.491 0.811
5.000 0.481 0.802
5.033 0.470 0.793
5.067 0.459 0.784
5.100 0.450 0.774
5.133 0.441 0.765
5.167 0.427 0.756
5.200 0.416 0.747
5.233 0.406 0.737
5.267 0.397 0.729
5.300 0.386 0.720
5.333 0.376 0.710
5.367 0.367 0.700
5.400 0.357 0.692
5.433 0.345 0.682
5.467 0.333 0.673
5.500 0.323 0.664
5.533 0.323 0.664
5.567 0.313 0.655
5.600 0.301 0.646
5.633 0.293 0.636
5.667 0.282 0.627
5.700 0.271 0.617
5.733 0.258 0.608
5.767 0.249 0.599
5.800 0.239 0.590
5.833 0.228 0.581
5.867 0.217 0.571
5.900 0.209 0.561
5.933 0.198 0.552
5.967 0.186 0.543
6.000 0.175 0.533
6.033 0.165 0.523
6.067 0.155 0.514
6.100 0.144 0.505
6.133 0.135 0.495
6.167 0.126 0.485
6.200 0.114 0.477
6.233 0.102 0.467
6.267 9.098E-2 0.455
6.300 8.155E-2 0.443
6.333 7.137E-2 0.433
6.367 6.125E-2 0.423
6.400 5.207E-2 0.413
6.433 4.285E-2 0.403
6.467 3.308E-2 0.394
6.500 2.271E-2 0.384
6.533 1.367E-2 0.373
6.567 5.482E-3 0.365
6.600 -3.971E-3 0.356
6.633 -1.530E-2 0.347
6.667 -2.347E-2 0.335
6.700 -3.182E-2 0.326
6.733 -4.098E-2 0.318
6.767 -5.179E-2 0.309
6.800 -6.121E-2 0.297
6.833 -6.889E-2 0.285
6.867 -7.822E-2 0.275
6.900 -8.943E-2 0.265
6.933 -9.742E-2 0.255
6.967 -0.106 0.246
7.000 -0.115 0.237
7.033 -0.127 0.227
7.067 -0.136 0.217
7.100 -0.144 0.208
7.133 -0.153 0.199
7.167 -0.165 0.190
7.200 -0.174 0.179
7.233 -0.181 0.171
7.267 -0.191 0.162
7.300 -0.204 0.151
7.333 -0.216 0.142
7.367 -0.225 0.133
7.400 -0.235 0.124
7.433 -0.246 0.115
7.467 -0.257 0.105
7.500 -0.264 9.550E-2
7.533 -0.274 8.704E-2
7.567 -0.289 7.721E-2
7.600 -0.300 6.797E-2
7.633 -0.309 5.702E-2
7.667 -0.319 4.946E-2
7.700 -0.331 4.053E-2
7.733 -0.344 3.002E-2
7.767 -0.355 2.057E-2
7.800 -0.365 1.244E-2
7.833 -0.375 4.134E-3
7.867 -0.390 -6.658E-3
7.900 -0.402 -1.573E-2
7.933 -0.412 -2.460E-2
7.967 -0.423 -3.316E-2
8.000 -0.437 -4.356E-2
8.033 -0.449 -5.417E-2
8.067 -0.459 -6.296E-2
8.100 -0.471 -7.086E-2
8.133 -0.485 -8.307E-2
8.167 -0.496 -9.117E-2
8.200 -0.507 -0.103
8.233 -0.520 -0.111
8.267 -0.533 -0.120
8.300 -0.549 -0.133
8.333 -0.561 -0.144
8.367 -0.570 -0.154
8.400 -0.584 -0.163
8.433 -0.597 -0.174
8.467 -0.609 -0.186
8.500 -0.620 -0.196
8.533 -0.633 -0.207
8.567 -0.643 -0.218
8.600 -0.652 -0.231
8.633 -0.692 -0.289
8.667 -0.712 -0.302
8.700 -0.727 -0.309
8.733 -0.738 -0.320
8.767 -0.752 -0.331
8.800 -0.764 -0.353
8.833 -0.773 -0.355
8.867 -0.788 -0.374
8.900 -0.808 -0.395
8.933 -0.822 -0.407
8.967 -0.846 -0.431
9.000 -0.867 -0.455
9.033 -0.892 -0.481
